临床免疫实验室	156,849	520,442	22,492,054	22.46	169,172	566,481	24,117,124	22.73	145,779	490,654	22,469,059	22.31	7.6
临床生化实验室	231,313	2,644,606	29,762,202	29.72	244,858	2,795,011	31,383,005	29.58	215,763	2,747,900	30,404,142	30.18	7.2
临床微生物实验室	80,320	374,605	10,217,393	10.2	83,848	394,227	11,081,084	10.44	88,977	415,554	11,878,642	11.79	-9.7
临床分子诊断实验室	28,599	198,593	9,085,489	9.07	27,966	184,178	9,213,664	8.68	25,521	155,087	7,944,443	7.89	12.1
临检与血液实验室	141,745	880,736	6,819,928	6.81	151,937	945,230	7,319,459	6.9	153,947	949,922	7,615,960	7.56	-7.9
急诊应急组	153,970	763,836	10,055,995	10.04	153,926	773,077	10,384,910	9.79	150,287	762,589	10,785,838	10.71	2.5
天府院区	18,152	173,793	2,033,365	2.03	19,379	177,893	2,241,054	2.11	0	0	0	0	
温江院区	98,025	661,018	9,683,348	9.67	103,884	707,725	10,369,792	9.77	90,135	640,329	9,632,454	9.56	8.8
锦江院区	3,836	15,972	12,205,202	10.83	3,278	13,844	13,300,268	11.14	0	0	0	0	
本部实际量	890,823	6,043,841	98,473,395	-4.8	935,601	6,365,949	103,891,210	-5.06	870,409	6,162,035	100,730,538	-5.21	97.98
合计	908,975	6,217,634	100,506,760	-4.8	954,980	6,543,842	106,132,264	-4.98	870,409	6,162,035	100,730,538	-5.3	100
